000000000000000000000000000000000000000000000000000000000000000000000011110000000000000000000000000
000000000000000000000000000000000000000000000000000000000000000000000011110000000000000000000000000
000000000000000000000000000000000000000000000000000000000000000000000011110000000000000000000000000
000000000000000000000000000000000000000000000000000000000000000000000000000000000000000000000000000
000000000000000000000000000000000000000000000000000000000000000000000000000000000000000000000000000
000000000001111000000000000000000000000000000000000000000000000000000000000000000000000000000000000
000000000001111000000000000000000000000000000000000000000000000000000000x00000000000000000000000000
000000000000000000000000000000000000000000000000000000000000000000000000x00000000000000000000000000
00000000000xxxxx00000000000000000000000000000000000000000000000000000000x00000000000000000000000000
000000000000000000000000000000000000000000000000000000000000000000000000x00000000000000000000000000
000000000000000000000000000000000000000000000000000000000000000000000000x00000000000000000000000000
000000000000000000000000000000000000000000000000000000000000000000000000x00000000000000000000000000
000000000000000000000000000000000000000000000000000000000000000000000000001111111000000000000000000
000000000000000000000000000000000000000000000000000000000000000000000000011111111100000000000000000
000000000000000000000000000000000000000000000000000000000000000000000000001110000000000000000000000
000000000000000000000000000000000000000000000000000000000000000000000000000000000000000000000000000
000000000000000000000000000000000000000000000000000000000000000000000000000000000000000000000000000
000000000000000000000000000000000000000000000000000000000000000000000000000000000000000000000000000
0000000000000000000000000001111110x0000000000000000000000000000000000000000000000000000000000000000
0000000000000000000000000001111100x0000000000000000000000000000000000000000000000000000000000000000
0000000000000000000000000001111100x0000000000000000000000000000000000000000000000000000000000000000
0000000000000000000000000000000000x0000000000000000000000000000000000000000000000000000000000000000
000000000000000000000000000000000000000000000000000000000000000000000000000000000000000000000000000
000000000000000000000000000000000000000000000000000000000000000000000000000000000000000000000000000
000000000000000000000000000000000000000000000000000000000000000000000000000000000000000000000000000
000000000000000000000000000000000000000000000000000000000000000000000000000000000000000000000000000
000000000000000000000000000000000000000000000000000000000000000000000000000000000000000000000000000
000000000000000000000000000000000000000000000000000000000000000000000000000000000000000000000000000
000000000000000000000000000000000000000000000000000000000000000000000000000000000000000000000000000
000000000000000000000000000000000000000000000000000000000000000000000000000000000000000000000000000
000000000000000000000000000000000000000000000000000000000000000000000000000000000000000000000000000
000000000000000000000000000000000000000000000000000000000000000000000000000000000000000000000000000
000000000000000000000000000000000000000000000000000000000000000000000000000000000000000000000000000
000000000000000000000000000000000000000000000000000000000000000000000000000000000000000000000000000
000000000000000000000000000000000000000000000000000000000000000000000000000000000000000000000000000
000000000000000000000000000000000000000000000000000000000000000000000000000000000000000000000000000
000000000000000000000000000000000000000000000000000000000000000000000001110000000000000000000000000
000000000000000000000000000000000000000000000000000000000000000000000001110000000000000000000000000
000000000000000000000000000000000000000000000000000000000000000000000000000000000000000000000000000
000000000000000000000000000000000000000000000000000000000000000000000000000000000000000000000000000
000000000000000000000000000000000000000000000000000000000000000000000000000000000000000000000000000
000000000000000000000000000000000000000000000000000000000000000000000000000000000000000000000000000
000000000000000000000000000000000000000000000000000000000000000000000000000000000000000000000000000
000000000000000000000000000000000000000000000000000000000000000000000000000000000000000000000000000
000000000000000000000000000000000000000000000000000000000000000000000000000000000000000000000000000
000000000000000000000000000000000000000000000000000000000000000000000000000000000000000000000000000
000000000000000000000000000000000000000000000000000000000000000000000000000000000000000000000000000
000000000000000000000000000000000000000000000000000000000000000000000000000000000000000000000000000
000000000000000000000000000000000000000000000000000000000000000000000000000000000000000000000000000
000000000000000000000000000000000000000000000000000000000000000000000000000000000000000000000000000
000000000000000000000000000000000000000000000000000000000000000000000000000000000000000000000000000
000000000000000000000000000000000000000000000000000000000000000000000000000000000000000000000000000
000000000000000000000000000000000000000000000000000000000000000000000000000000000000000001111110000
000000000000000000000000000000000000000000000000000000000000000000000000000000000000000001111111000
000000000000000000000000000000000000000000000000000000000000000000000000000000000000000000000000000
000000000000000000000000000000000000000000000000000000000000000000000000000000000000000000000000000
000000000000000000000000000000000000000000000000000000000000000000000000000000000000000000000000000
000000000000000000000000000000000000000000000000000000000000000000000000000000000000000000000000000
000000000000000000000000000000000000000000000000000000000000000000000000000000000000000000000000000
000000000000000000000000000000000000000000000000000000000000000000000000000000000000000000000000000
000111000000000000000000000000000000000000000000000000000000000000000000000000000000000000000000000
000111000000000000000000000000000000000000000000000000000000000000000000000000000000000000000000000
000111000000000000000000000000000000000000000000000000000000000000000000000000000000000000000000000
000000000000000000000000000000000000000000000000000000000000000000000000000000000000000000000000000
000000000000000000000000000000000000000000000000000000000000000000000000000000000000000000000000000
000000000000000000000000000000000000000000000000000000000000000000000000000000000000000000000000000
000000000000000000000000000000000000000000000000000000000000000000000000000000000000000000000000000
000000000000000000000000000000000000000000000000000000000000000000000000000000000000000000000000000
000000000000000000000000000000000000000000000000000000000000000000000000000000000000000000000000000
000000000000000000000000000000000000000000000000000000000000000000000000000000000000000000000000000
000000000000000000000000000000001110000000000000000000000000000000000000000000000000000000000000000
000000000000000000000000000000000010000000000000000000000000000000000000000000000000000000000000000
000000000000000000000000000000000010000000000000000000000000000000000000000000000000000000000000000
0000000000000000000000000000000000000000000000000000000000000000000000000000000000000000000000000x0
0000000000000000000000000000000000000000000000000000000000000000000000000000000000000000000000000x0
0000000000000000000000000000000000000000000000000000000000000000000000000000000000000000000000000x0
0000000000000000000000000000000000000000000000000000000000000000000000000000000000000000000000000x0
0000000000000000000000000000000000000000000000000000000000000000000000000000000000000000000000000x0
0000000000000000000000000000000000000000000000000000000000000000000000000000000000000000000000000x0
0000000000000000000000000000000000000000000000000000000000000000000000000000000000000000000000000x0
011110000000000000000000000000000000000000000000000000000000000000000000000000000000000000000000000
011110000000000000000000000000000000000000000000000000000000000000000000000000000000000000000000000
011110000000000000000000000000000000000000000000000000000000000000000000000000000000000000000000000
xxxx00000000000000000000000000000000000000000000000000000000000000000000000000000000000000000000000
000000000000000000000000000000000000000000000000000000000000000000000000000000000000000000000000000
000000000000000000000000000000000000000000000000000000000000000000000000000000000000000000000000000
000000000000000000000000000000000000000000000000000000000000000000000000000000000000000000000000000
000000000000000000000000000000000000000000000000000000000000000000000000000000000000000000000000000
000000000000000000000000000000000000000000000000000000000000000000000000000000000000000000000000000
000000000000000000000000000000000000000000000000000000000000000000000000000000000000000000000000000
000000000000000000000000000000000000000000000000000000000000000000000000000000000000000000000000000
000000000000000000000000000000000000000000000000000000000000000000000000000000000000000000000000000
000000000000000000000000000000000000000000000000000000000000000000000000000000000000000000000000000
000000000000000000000000000000000000000000000000000000000000000000000000000000000000000000000111000
000000000000000000111000000000000000000000000000000000000000000000000000000000000000000000000111000
000000000000000000000000000000000000000000000000000000000000000000000000000000000000000000000111000
000000000000000000000000000000000000000000000000000000000000000000000000000000000000000000000000000
000000000000000000000000000000000000000000000000000000000000000000000000000000000000000000000000000
000000000000000000000000000000000000000000000000000000000000000000000000000000000000000000000000000
000000000000000000000000000000000000000000000000000000000000000000000000000000000000000000000000000
